10
30
-1.406428 -75.100720 -13.826613
66.201330 29.978296 51.964458
-98.828867 -17.995751 22.017370
-17.005710 24.649515 -46.313460
69.012635 20.912764 -11.129581
-65.209242 29.308814 65.880539
76.592059 -16.744529 -14.562671
-4.825977 -20.415820 69.413612
88.618984 11.561881 -6.538629
-86.527496 -8.267998 71.383573
-0.711028 95.544970 3.224508
64.312913 56.430959 49.957794
5.992119 43.025717 43.585156
45.335647 -45.750426 60.065155
34.621140 -95.841604 -45.456178
21.869397 -22.575064 1.002166
84.664785 -68.794310 -34.774830
26.366456 74.156303 90.239446
29.503295 -97.133897 92.252682
48.791442 -62.868915 -36.713013
12.428325 -3.663205 -17.339734
29.223517 -79.696038 -17.940230
32.220777 -14.520608 87.677417
61.089541 15.581129 10.277699
76.118217 -52.777546 97.478003
-52.038711 92.118849 38.590539
-58.549479 -14.135886 12.962432
73.193641 24.870266 -13.406097
-26.102293 61.860577 31.691565
50.170539 64.273183 14.907798
-39.512695 -87.587468 84.908641
-32.368655 22.059060 54.753990
47.570084 -67.041606 5.983764
83.474120 -55.374993 -31.711428
-64.284899 -70.971780 -14.869603
-83.393368 45.878767 60.834428
55.105318 -3.651973 29.943698
53.712292 -52.063344 23.294700
9.078470 44.083377 82.119932
5.090715 -59.187135 -29.460883
